

Heap_sort              500      1000      2000      4000      8000     16000     32000     64000    128000    256000
Fill_increasing          0         0         0     0.001     0.002     0.005     0.011     0.023     0.051     0.108
Fill_decreasing          0         0         0     0.001     0.003     0.006     0.014     0.032     0.067     0.145
Fill_vshape              0         0         0     0.001     0.003     0.007     0.013     0.029     0.061     0.132
Fill_random              0         0         0     0.001     0.002     0.006     0.013     0.027     0.058     0.125


Quick_sort_last        500      1000      2000      4000      8000     16000     32000     64000    128000    256000
Fill_increasing      0.001     0.004     0.014     0.057     0.227     0.911     3.491
Fill_decreasing      0.001     0.003     0.011     0.047     0.187      0.75     2.902
Fill_vshape          0.001     0.003     0.014     0.059     0.236     0.943     3.599
Fill_random              0     0.001         0     0.001     0.002     0.004     0.008     0.018     0.038     0.085


Quick_sort_rand        500      1000      2000      4000      8000     16000     32000     64000    128000    256000
Fill_increasing          0         0         0     0.001     0.001     0.002     0.006     0.012     0.025     0.055
Fill_decreasing          0     0.001         0         0     0.001     0.003     0.007     0.016     0.035     0.083
Fill_vshape              0         0     0.001     0.001     0.002     0.004     0.007     0.016     0.036     0.076
Fill_random              0         0     0.001     0.001     0.002     0.004     0.009     0.019     0.043       0.1


Selection_sort         500      1000      2000      4000      8000     16000     32000     64000    128000    256000
Fill_increasing          0         0     0.015     0.031     0.157     0.593     2.313     8.703    34.686   135.651
Fill_decreasing          0         0     0.015     0.063     0.234     0.906     3.453    13.234    52.217   206.117
Fill_vshape              0     0.015     0.016     0.078     0.312     1.235     4.656    17.859      70.2   273.098
Fill_random              0         0     0.016     0.031     0.187     0.672     2.672    10.031    39.014   152.978


Insertion_sort         500      1000      2000      4000      8000     16000     32000     64000    128000    256000
Fill_increasing          0         0         0         0         0         0         0         0         0         0
Fill_decreasing          0     0.016     0.015     0.078     0.328     1.313      4.89        19     75.34   302.035
Fill_vshape              0         0     0.016     0.031     0.172     0.641     2.562     9.593    37.827   150.385
Fill_random              0     0.015         0     0.047     0.156     0.641     2.562     9.609    37.639   150.681



